  971.29195051785  301.192598447044  20.878184358266
  24.4606  301.148  20.5913  0.0  0.0
  74.9165  301.203  20.0889  0.0  0.0
  125.073  301.268  19.7441  0.0  0.0
  175.084  301.49  19.4713  0.0  0.0
  224.926  301.616  19.2397  0.0  0.0
  274.625  301.767  19.0616  0.0  0.0
  324.854  302.072  18.8642  0.0  0.0
  375.078  302.328  18.6876  0.0  0.0
  425.034  302.685  18.506  0.0  0.0
  474.865  302.948  18.3409  0.0  0.0
  524.673  303.255  18.1461  0.0  0.0
  574.874  303.488  18.0151  0.0  0.0
  624.707  303.801  17.8172  0.0  0.0
  674.854  304.09  17.6268  0.0  0.0
  725.067  304.467  17.5485  0.0  0.0
  774.858  304.744  17.4243  0.0  0.0
  824.969  305.07  17.3134  0.0  0.0
  874.867  305.361  17.1352  0.0  0.0
  924.638  305.698  17.0243  0.0  0.0
  974.741  306.013  16.9435  0.0  0.0
  1024.88  306.267  16.7995  0.0  0.0
  1075.1  306.479  16.7117  0.0  0.0
  1124.78  306.868  16.5328  0.0  0.0
  1174.86  307.209  16.4122  0.0  0.0
  1224.72  307.449  16.2136  0.0  0.0
  1274.77  307.602  16.0356  0.0  0.0 
  1324.98  307.717  15.8351  0.0  0.0
  1374.92  308.09  15.6339  0.0  0.0
  1424.89  308.45  15.4833  0.0  0.0 
  1474.81  308.907  15.0737  0.0  0.0
  1524.93  309.199  15.1677  0.0  0.0
  1574.89  309.445  14.9995  0.0  0.0
  1625.14  309.485  14.8361  0.0  0.0
  1674.96  309.896  14.7784  0.0  0.0
  1724.8  310.185  14.6694  0.0  0.0
  1774.64  310.549  14.5399  0.0  0.0
  1825.13  310.857  14.4657  0.0  0.0
  1874.62  311.115  14.3114  0.0  0.0
  1924.81  311.59  14.2444  0.0  0.0
  1973.99  311.371  14.2823  0.0  0.0
  4000.0  318.366627703882   7.7861947064356  0.0  0.0 
